58.666666666666664
56.333333333333336
58.666666666666664
58.333333333333336
61.333333333333336
64.33333333333333
63.666666666666664
50.333333333333336
50.0
45.333333333333336
54.333333333333336
79.0
37.0
65.66666666666667
55.333333333333336
77.0
64.0
55.0
67.33333333333333
51.666666666666664
50.666666666666664
57.333333333333336
54.333333333333336
72.33333333333333
59.333333333333336
53.666666666666664
66.66666666666667
50.333333333333336
61.0
45.0
53.666666666666664
42.666666666666664
46.666666666666664
60.666666666666664
79.33333333333333
60.333333333333336
54.333333333333336
63.333333333333336
75.33333333333333
86.33333333333333
48.666666666666664
53.333333333333336
37.666666666666664
68.66666666666667
69.66666666666667
74.33333333333333
46.666666666666664
86.33333333333333
48.333333333333336
47.333333333333336
45.0
58.666666666666664
57.333333333333336
65.66666666666667
43.666666666666664
40.666666666666664
66.0
74.0
55.333333333333336
46.666666666666664
67.0
63.0
64.33333333333333
51.333333333333336
50.0
76.0
57.333333333333336
62.666666666666664
62.666666666666664
82.33333333333333
76.66666666666667
45.666666666666664
57.0
60.333333333333336
54.666666666666664
73.66666666666667
54.333333333333336
39.333333333333336
68.0
84.66666666666667
83.66666666666667
62.666666666666664
41.333333333333336
87.0
55.0
54.333333333333336
59.666666666666664
57.0
77.66666666666667
51.333333333333336
57.0
40.0
48.666666666666664
35.0
40.333333333333336
70.66666666666667
66.0
61.333333333333336
64.33333333333333
69.66666666666667
63.333333333333336
56.333333333333336
80.33333333333333
66.0
55.0
79.0
82.33333333333333
63.0
48.0
82.33333333333333
42.0
86.0
58.919642857142854 59.705357142857146 61.857142857142854
